    % parameters
    Ixx = 1.0e+03 * 0.230242103134935;
    Iyy = 1.0e+03 * 5.293968876196306;
    Izz = 1.0e+03 * 5.518363350668759;
    m = 260;
    mu = 3.986004418e14;
    p0 = [550000 + 6371000; 0; 0];
    T = sqrt((4 * pi^2 * p0(1)^3) / (mu));
    n = 2 *pi/ T;